0.000	-1.677565	-1.355490
0.003	-1.680526	-1.357776
0.005	-1.684212	-1.360780
0.007	-1.687568	-1.363309
0.010	-1.691845	-1.367072
0.013	-1.694346	-1.368689
0.015	-1.699348	-1.373172
0.018	-1.700269	-1.373857
0.020	-1.702572	-1.375703
0.022	-1.704218	-1.377133
0.025	-1.705863	-1.378527
0.028	-1.707047	-1.379272
0.030	-1.710798	-1.382087
0.033	-1.712180	-1.383609
0.035	-1.712773	-1.384068
0.037	-1.714023	-1.384980
0.040	-1.715866	-1.386417
0.043	-1.717577	-1.387783
0.045	-1.720012	-1.389846
0.048	-1.723039	-1.392367
0.050	-1.722644	-1.392204
0.052	-1.722973	-1.392240
0.055	-1.725474	-1.394147
0.058	-1.727317	-1.395677
0.060	-1.728172	-1.396500
0.062	-1.729883	-1.397617
0.065	-1.733437	-1.400949
0.068	-1.732713	-1.400234
0.070	-1.732515	-1.400027
0.072	-1.733371	-1.400600
0.075	-1.734885	-1.401819
0.077	-1.736332	-1.402858
0.080	-1.739491	-1.405156
0.083	-1.740347	-1.406813
0.085	-1.739294	-1.405451
0.088	-1.740084	-1.406113
0.090	-1.742518	-1.408018
0.092	-1.743308	-1.408651
0.095	-1.743111	-1.408441
0.098	-1.746599	-1.411394
0.100	-1.746270	-1.411234
0.103	-1.746072	-1.410865
0.105	-1.747125	-1.411757
0.107	-1.748046	-1.412537
0.110	-1.748836	-1.413290
0.113	-1.749955	-1.413596
0.115	-1.752324	-1.416279
0.118	-1.751403	-1.415272
0.120	-1.752587	-1.416360
0.122	-1.753377	-1.416873
0.125	-1.753640	-1.417159
0.128	-1.754101	-1.417463
0.130	-1.755680	-1.418440
0.133	-1.756273	-1.419312
0.135	-1.757128	-1.419921
0.138	-1.757194	-1.419906
0.140	-1.757720	-1.420366
0.143	-1.758642	-1.421064
0.145	-1.759497	-1.421832
0.147	-1.761208	-1.423207
0.150	-1.762327	-1.423935
0.152	-1.762524	-1.424315
0.155	-1.764170	-1.425372
0.158	-1.764170	-1.425534
0.160	-1.765025	-1.426116
0.163	-1.768118	-1.428314
0.165	-1.770816	-1.431256
0.168	-1.769500	-1.430046
0.170	-1.769500	-1.429927
0.173	-1.770224	-1.430354
0.175	-1.772791	-1.432332
0.177	-1.775291	-1.434650
0.180	-1.776279	-1.435147
0.182	-1.777529	-1.436523
0.185	-1.777266	-1.436059
0.187	-1.776871	-1.435893
0.190	-1.777134	-1.436350
0.193	-1.776871	-1.435910
0.195	-1.779108	-1.437707
0.198	-1.781543	-1.439722
0.200	-1.781609	-1.439659
0.203	-1.781412	-1.439589
0.205	-1.781017	-1.439355
0.208	-1.780885	-1.439003
0.210	-1.781741	-1.439856
0.212	-1.782267	-1.439877
0.215	-1.784373	-1.442197
0.217	-1.784505	-1.441991
0.220	-1.784176	-1.441887
0.223	-1.784571	-1.441978
0.225	-1.785163	-1.442592
0.228	-1.785492	-1.442894
0.230	-1.788453	-1.444921
0.233	-1.788387	-1.445261
0.235	-1.788585	-1.445569
0.238	-1.787993	-1.444797
0.240	-1.788256	-1.445105
0.242	-1.787993	-1.444904
0.245	-1.788585	-1.445230
0.247	-1.791217	-1.447648
0.250	-1.792139	-1.448120
0.253	-1.791415	-1.447564
0.255	-1.791941	-1.447945
0.258	-1.791415	-1.447660
0.260	-1.792007	-1.448141
0.263	-1.793850	-1.449129
0.265	-1.795626	-1.451136
0.268	-1.795034	-1.450606
0.270	-1.794705	-1.450259
0.273	-1.794639	-1.450295
0.275	-1.796087	-1.451289
0.278	-1.796482	-1.451705
0.280	-1.798325	-1.452894
0.283	-1.798522	-1.453383
0.285	-1.798654	-1.453491
0.288	-1.799114	-1.453924
0.290	-1.798983	-1.453736
0.292	-1.799246	-1.453907
0.295	-1.800233	-1.454878
0.297	-1.801549	-1.455873
0.300	-1.800628	-1.454982
0.302	-1.800694	-1.455158
0.305	-1.800825	-1.455143
0.307	-1.801154	-1.455460
0.310	-1.801681	-1.455879
0.312	-1.802734	-1.456580
0.315	-1.803787	-1.457646
0.318	-1.803589	-1.457454
0.320	-1.804708	-1.458318
0.323	-1.806024	-1.459360
0.325	-1.807406	-1.460416
0.328	-1.808064	-1.461072
0.330	-1.809841	-1.462318
0.333	-1.808854	-1.462039
0.335	-1.807604	-1.460612
0.338	-1.808854	-1.461712
0.340	-1.809315	-1.462093
0.343	-1.809578	-1.462362
0.345	-1.809775	-1.462414
0.348	-1.813132	-1.465206
0.350	-1.811552	-1.463985
0.352	-1.811486	-1.463789
0.355	-1.812210	-1.464422
0.357	-1.812145	-1.464421
0.360	-1.813066	-1.465218
0.362	-1.813132	-1.465030
0.365	-1.814250	-1.466287
0.367	-1.813790	-1.465672
0.370	-1.814777	-1.466429
0.372	-1.814645	-1.466489
0.375	-1.814579	-1.466322
0.378	-1.815567	-1.467152
0.380	-1.816488	-1.467749
0.383	-1.816949	-1.468281
0.385	-1.816356	-1.467814
0.388	-1.817014	-1.468264
0.390	-1.817212	-1.468478
0.393	-1.818199	-1.469275
0.395	-1.818396	-1.469473
0.398	-1.820568	-1.471172
0.400	-1.820371	-1.471065
0.403	-1.820502	-1.471107
0.405	-1.820700	-1.471424
0.408	-1.820831	-1.471349
0.410	-1.821489	-1.471929
0.413	-1.822279	-1.472278
0.415	-1.822871	-1.473122
0.417	-1.822806	-1.473021
0.420	-1.823135	-1.473180
0.422	-1.824056	-1.474048
0.425	-1.824977	-1.474645
0.427	-1.824846	-1.474524
0.430	-1.826425	-1.475720
0.432	-1.826952	-1.476478
0.435	-1.826754	-1.476216
0.437	-1.826754	-1.476160
0.440	-1.827149	-1.476548
0.443	-1.827610	-1.476842
0.445	-1.828005	-1.477234
0.448	-1.829255	-1.478157
0.450	-1.829255	-1.478150
0.453	-1.830176	-1.479014
0.455	-1.832348	-1.480582
0.458	-1.832809	-1.480711
0.460	-1.833730	-1.481970
0.463	-1.834651	-1.482432
0.465	-1.835573	-1.483749
0.468	-1.833072	-1.481305
0.470	-1.833203	-1.481451
0.473	-1.833796	-1.481854
0.475	-1.834651	-1.482517
0.478	-1.834520	-1.482485
0.480	-1.836428	-1.483562
0.482	-1.837020	-1.484578
0.485	-1.836955	-1.484516
0.487	-1.837613	-1.484878
0.490	-1.837349	-1.484790
0.492	-1.837481	-1.484908
0.495	-1.837613	-1.484878
0.497	-1.840508	-1.487363
0.500	-1.840179	-1.487182
0.503	-1.840048	-1.486936
0.505	-1.839916	-1.486875
0.508	-1.840245	-1.487002
0.510	-1.841035	-1.487760
0.512	-1.841430	-1.487703
0.515	-1.842088	-1.488725
0.517	-1.841759	-1.488251
0.520	-1.842746	-1.488861
0.522	-1.842812	-1.489356
0.525	-1.842088	-1.488618
0.527	-1.841824	-1.488432
0.530	-1.843206	-1.489295
0.532	-1.843733	-1.489904
0.535	-1.843930	-1.490031
0.537	-1.844983	-1.490845
0.540	-1.845444	-1.491408
0.542	-1.844983	-1.490921
0.545	-1.845641	-1.491357
0.547	-1.848471	-1.493644
0.550	-1.848010	-1.493284
0.552	-1.847484	-1.492964
0.555	-1.848866	-1.493868
0.557	-1.848932	-1.494114
0.560	-1.849195	-1.494496
0.562	-1.849853	-1.494532
0.565	-1.851696	-1.496597
0.568	-1.850577	-1.495306
0.570	-1.850314	-1.495298
0.573	-1.850511	-1.495405
0.575	-1.851893	-1.496578
0.578	-1.851762	-1.496392
0.580	-1.853012	-1.497182
0.583	-1.852420	-1.496976
0.585	-1.852354	-1.496941
0.588	-1.852815	-1.497230
0.590	-1.852551	-1.497090
0.593	-1.853012	-1.497362
0.595	-1.854262	-1.498337
0.598	-1.856829	-1.500595
0.600	-1.855249	-1.499128
0.603	-1.856368	-1.500033
0.605	-1.856829	-1.500513
0.608	-1.857421	-1.500801
0.610	-1.858935	-1.502061
0.613	-1.860975	-1.503652
0.615	-1.863212	-1.505718
0.618	-1.862949	-1.505437
0.620	-1.862752	-1.505310
0.623	-1.862620	-1.505087
0.625	-1.863673	-1.505988
0.628	-1.863739	-1.506156
0.630	-1.865055	-1.507006
0.633	-1.865976	-1.507957
0.635	-1.865976	-1.507984
0.638	-1.865713	-1.507810
0.640	-1.866174	-1.507992
0.642	-1.866437	-1.508424
0.645	-1.866766	-1.508639
0.647	-1.868148	-1.509558
0.650	-1.867161	-1.508948
0.652	-1.866898	-1.508779
0.655	-1.867358	-1.508966
0.657	-1.868280	-1.509582
0.660	-1.869464	-1.510786
0.662	-1.869596	-1.510683
0.665	-1.870517	-1.511770
0.667	-1.869925	-1.511284
0.670	-1.869991	-1.511114
0.672	-1.869398	-1.510694
0.675	-1.870254	-1.511573
0.677	-1.870451	-1.511583
0.680	-1.872228	-1.512655
0.682	-1.872623	-1.513416
0.685	-1.871899	-1.512711
0.687	-1.873018	-1.513170
0.690	-1.874334	-1.514602
0.693	-1.874005	-1.514540
0.695	-1.873018	-1.513605
0.698	-1.875584	-1.515579
0.700	-1.874466	-1.514819
0.703	-1.874926	-1.515102
0.705	-1.875387	-1.515526
0.708	-1.875453	-1.515520
0.710	-1.875914	-1.515880
0.713	-1.875979	-1.515880
0.715	-1.877690	-1.517608
0.718	-1.875519	-1.515637
0.720	-1.876703	-1.516648
0.723	-1.876308	-1.516354
0.725	-1.877559	-1.517293
0.728	-1.877625	-1.517580
0.730	-1.879072	-1.518216
0.733	-1.879072	-1.518760
0.735	-1.879007	-1.518389
0.738	-1.879007	-1.518409
0.740	-1.879138	-1.518347
0.743	-1.880586	-1.519822
0.745	-1.880915	-1.519865
0.748	-1.882823	-1.521438
0.750	-1.883547	-1.522323
0.753	-1.881968	-1.520753
0.755	-1.881771	-1.520587
0.758	-1.882955	-1.521724
0.760	-1.882100	-1.520918
0.763	-1.882823	-1.521262
0.765	-1.885324	-1.523701
0.768	-1.883876	-1.522450
0.770	-1.883876	-1.522552
0.772	-1.884337	-1.522777
0.775	-1.884074	-1.522480
0.777	-1.884798	-1.523008
0.780	-1.886969	-1.524689
0.782	-1.887562	-1.525393
0.785	-1.885982	-1.524069
0.787	-1.887233	-1.525063
0.790	-1.887298	-1.525090
0.792	-1.888022	-1.525651
0.795	-1.888944	-1.526388
0.797	-1.889931	-1.527257
0.800	-1.889010	-1.526690
0.802	-1.889141	-1.526651
0.805	-1.889010	-1.526459
0.807	-1.889931	-1.527296
0.810	-1.889931	-1.527453
0.812	-1.889536	-1.526674
0.815	-1.892037	-1.529004
0.818	-1.891642	-1.528694
0.820	-1.890852	-1.528107
0.823	-1.891181	-1.528266
0.825	-1.890918	-1.528096
0.828	-1.891839	-1.528851
0.830	-1.892761	-1.529102
0.833	-1.893090	-1.529884
0.835	-1.893090	-1.529903
0.838	-1.892826	-1.529262
0.840	-1.893221	-1.530009
0.843	-1.892629	-1.529494
0.845	-1.893090	-1.529732
0.848	-1.896051	-1.532173
0.850	-1.895459	-1.531560
0.853	-1.895327	-1.531602
0.855	-1.896249	-1.532151
0.858	-1.894406	-1.530852
0.860	-1.894998	-1.531115
0.863	-1.896841	-1.532675
0.865	-1.898223	-1.534163
0.868	-1.897236	-1.533138
0.870	-1.896709	-1.532926
0.873	-1.897038	-1.532955
0.875	-1.899210	-1.534668
0.878	-1.901118	-1.536418
0.880	-1.901316	-1.536169
0.883	-1.902895	-1.537757
0.885	-1.902895	-1.537751
0.888	-1.902237	-1.537375
0.890	-1.900065	-1.535704
0.893	-1.900789	-1.535965
0.895	-1.902303	-1.537264
0.897	-1.904014	-1.538488
0.900	-1.903948	-1.538854
0.902	-1.902961	-1.538032
0.905	-1.901118	-1.536302
0.907	-1.902566	-1.537330
0.910	-1.902500	-1.537437
0.912	-1.903093	-1.537515
0.915	-1.905791	-1.540169
0.917	-1.905791	-1.540160
0.920	-1.904409	-1.539123
0.922	-1.904738	-1.539415
0.925	-1.905593	-1.540055
0.927	-1.905001	-1.539453
0.930	-1.906844	-1.540544
0.932	-1.906712	-1.541121
0.935	-1.905330	-1.539664
0.937	-1.905922	-1.540232
0.940	-1.905659	-1.539880
0.943	-1.906975	-1.541083
0.945	-1.906712	-1.540856
0.948	-1.909542	-1.543032
0.950	-1.908489	-1.542480
0.953	-1.908950	-1.542655
0.955	-1.909015	-1.542675
0.958	-1.908686	-1.542401
0.960	-1.908818	-1.542586
0.963	-1.908950	-1.542309
0.965	-1.911582	-1.545126
0.968	-1.909871	-1.543451
0.970	-1.909542	-1.543182
0.973	-1.909542	-1.543086
0.975	-1.910990	-1.544236
0.978	-1.910661	-1.543907
0.980	-1.912372	-1.544980
0.983	-1.913622	-1.546623
